results_SMALL=[0.110787, 0.067214, 0.063037, 0.058088, 0.083459, 0.081243, 0.051404, 0.060263, 0.05155, 0.071098, 0.032519, 0.04515, 0.065723, 0.091094, 0.136212, 0.120807, 0.646959, 0.496774]
results_MIDDLE=[0.931851, 0.497245, 0.437693, 0.540993, 0.566705, 0.669349, 0.566349, 0.337128, 0.358836, 0.304021, 0.142427, 0.198656, 0.292256, 0.376539, 0.624868, 0.428697, 0.941634, 0.677605]
results_LARGE=[25.026308, 15.443051, 11.758131, 7.866836, 5.077578, 3.150042, 3.039332, 2.587785, 2.005004, 2.034282, 1.736706, 1.951426, 2.051116, 4.1813, 4.062121, 4.145007, 4.909373, 5.309015]
results_EXTLARGE=[149.600611, 82.496043, 56.75903, 20.610923, 25.270447, 22.692715, 19.249695, 26.634133, 13.210994, 12.018836, 11.722738, 11.896462, 14.688057, 24.324574, 28.012847, 26.452516, 26.318955, 28.805096]
