results_SMALL=[0.111271, 0.099859, 0.079782, 0.08806, 0.085387, 0.078631, 0.086887, 0.054422, 0.057829, 0.059917, 0.033199, 0.044076, 0.06594, 0.090461, 0.120111, 0.134389, 0.133742, 0.176431]
results_MIDDLE=[1.412375, 1.146131, 1.310334, 1.115657, 0.59399, 0.874253, 0.774708, 1.164369, 0.443992, 0.88658, 0.261277, 0.363211, 0.801001, 0.675021, 0.682926, 0.660257, 0.701942, 0.716225]
results_LARGE=[31.951055, 10.92885, 10.427905, 10.445622, 8.368918, 5.770777, 3.82099, 3.525732, 2.841989, 2.847607, 1.64432, 1.856486, 2.710368, 3.668269, 3.376559, 6.207125, 3.186439, 5.263953]
results_EXTLARGE=[134.267527, 65.037083, 25.56984, 25.138485, 61.508414, 20.800645, 26.739665, 16.139528, 15.768303, 13.636719, 8.463305, 11.905212, 14.299429, 17.478304, 26.178123, 19.686902, 34.252418, 73.346295]
