results_SMALL=[1.280304, 0.558183, 0.418635, 0.319307, 0.229584, 0.252802, 0.203021, 0.190214, 0.170809, 0.161252, 0.080996, 0.313685, 0.136862, 1.174528, 2.93801, 1.023877, 6.853261, 1.538802]
results_MIDDLE=[6.442698, 5.341114, 3.817189, 2.988521, 1.998371, 1.933753, 1.654363, 1.540279, 1.24463, 1.307985, 0.551962, 0.256774, 1.092878, 0.460218, 3.662859, 6.489677, 2.672947, 1.143032]
results_LARGE=[19.784197, 9.323759, 6.209446, 4.669276, 3.739764, 3.121949, 2.689491, 2.447142, 2.158272, 4.066803, 1.264786, 1.073888, 1.27393, 1.169307, 2.390148, 1.704554, 1.406937, 1.191388]
results_EXTLARGE=[129.854924, 75.234234, 50.187842, 37.8519, 30.386311, 25.832128, 23.190987, 19.515967, 17.494706, 16.997088, 13.838496, 11.1291, 11.073434, 16.72484, 39.768031, 17.096917, 12.3666, 11.52494]
