results_SMALL=[0.542877, 0.275416, 0.236546, 0.158825, 0.122153, 0.219597, 0.112275, 0.106775, 0.150303, 0.145688, 0.11232, 0.098232, 0.062796, 0.064032, 0.068571, 0.073422, 0.191282, 0.359359]
results_MIDDLE=[4.783484, 2.465313, 1.711922, 1.310463, 1.046444, 0.983878, 0.770065, 0.888203, 0.664524, 0.657171, 0.538035, 0.507963, 0.552028, 0.530388, 0.488475, 0.52527, 0.309305, 0.98063]
results_LARGE=[40.318586, 20.21041, 13.925677, 10.623678, 8.513534, 7.100499, 6.202308, 5.543483, 4.851916, 4.512612, 3.13759, 2.538247, 2.602186, 2.488289, 2.569265, 2.797238, 2.703521, 2.42675]
results_EXTLARGE=[328.538741, 165.42068, 112.748227, 85.325536, 69.202429, 57.300372, 48.628956, 43.202733, 38.696372, 35.189166, 21.964072, 14.77973, 16.609933, 14.678604, 18.07645, 17.057732, 15.522923, 18.058943]
