results_SMALL=[0.117161, 0.059565, 0.068747, 0.05353, 0.044712, 0.055281, 0.031457, 0.035403, 0.037494, 0.035908, 0.051709, 0.029707, 0.025397, 0.021814, 0.022173, 0.025042, 0.029457, 0.028414]
results_MIDDLE=[1.020779, 0.516054, 0.359033, 0.287651, 0.329178, 0.248312, 0.225803, 0.228204, 0.185837, 0.289985, 0.207713, 0.195904, 0.209456, 0.138046, 0.145317, 0.150375, 0.150408, 0.130133]
results_LARGE=[8.420303, 4.212748, 2.88166, 2.195047, 1.776622, 1.565654, 1.349678, 1.178261, 1.141808, 0.993171, 0.902288, 0.804672, 0.814931, 0.758537, 0.746388, 0.821231, 0.668618, 1.64717]
results_EXTLARGE=[68.743652, 34.51815, 23.687986, 17.919326, 14.446593, 11.954986, 10.614132, 9.108845, 8.187367, 7.485779, 5.349027, 4.018225, 4.735474, 4.928338, 4.98363, 5.158049, 4.871839, 5.429889]
