results_SMALL=[0.084602, 0.043606, 0.030675, 0.040171, 0.033638, 0.037631, 0.024202, 0.040797, 0.032222, 0.01195, 0.035632, 0.028007, 0.02862, 0.019885, 0.02101, 0.023429, 0.02487, 0.16504]
results_MIDDLE=[0.731093, 0.369412, 0.258747, 0.213443, 0.235284, 0.178807, 0.166593, 0.146245, 0.269447, 0.183852, 0.219849, 0.185458, 0.158998, 0.122279, 0.130203, 0.174718, 0.107135, 0.546373]
results_LARGE=[8.420303, 4.212748, 2.88166, 2.195047, 1.776622, 1.565654, 1.349678, 1.178261, 1.141808, 0.993171, 0.902288, 0.804672, 0.814931, 0.758537, 0.746388, 0.821231, 0.668618, 1.64717]
results_EXTLARGE=[49.72331, 25.182951, 17.010644, 12.938068, 10.398301, 8.737204, 7.59539, 6.57421, 6.013007, 5.549855, 4.418255, 3.720138, 4.415229, 4.847376, 4.82036, 4.838391, 4.792341, 5.216813]
