results_SMALL=[1.429422,1.559390,1.659378,1.489451,1.729393,1.699421,1.949402,1.999492,1.409426,0.529088,0.471372,0.303305,0.549577,0.228756,0.517228,0.607473,0.275550,0.451834]
results_MIDDLE=[0.603502,0.617832,0.956192,1.082075,1.835356,0.917500,2.064503,1.744754,1.764637,1.032333,0.739858,1.571166,1.499835,0.872978,1.025550,1.390542,0.807116,1.509897]
results_LARGE=[4.864987,4.747881,5.297141,5.612134,8.774571,5.197120,5.807454,6.375715,7.125517,8.097822,6.325132,6.414646,5.202557,5.798481,5.580489,6.130163,3.579394,6.546118]
results_EXTLARGE=[49.016502,45.484107,51.032649,48.351050,26.242964,23.972902,25.171471,26.192562,27.751762,42.833591,25.801310,29.492242,20.594638,24.593182,22.203066,20.242628,20.112361,20.452920]