results_SMALL=[0.090252, 0.088976, 0.088487, 0.089246, 0.089817, 0.089139, 0.087356, 0.087335, 0.088745, 0.086588, 0.086299, 0.087129, 0.08841, 0.088974, 0.189762, 0.320073, 0.750214, 0.088039]
results_MIDDLE=[0.432313, 0.552704, 0.373413, 0.3707, 0.37134, 0.369656, 0.382838, 0.368626, 0.373017, 0.3713, 0.372862, 0.37099, 0.37768, 0.372189, 0.368879, 0.37258, 0.369851, 0.380063]
results_LARGE=[9.682998, 9.547896, 5.451315, 4.750282, 6.220269, 5.354553, 5.331504, 5.323155, 4.993011, 5.182971, 6.64666, 4.841569, 5.43234, 5.448174, 5.939418, 5.391298, 5.721571, 4.563178]
results_EXTLARGE=[67.685695, 70.74374, 63.520515, 63.11366, 47.430629, 59.732253, 60.091793, 60.777505, 54.844291, 28.146329, 25.178683, 24.296602, 23.868731, 23.508885, 24.679108, 22.238263, 17.442297, 17.408901]
