results_SMALL=[0.211443, 0.791012, 0.139173, 2.799149, 0.179129, 5.957404, 4.277583, 0.239188, 0.199067, 2.763728, 0.33885, 0.779148, 1.399367, 2.019335, 1.17927, 2.009369, 3.659096, 6.669378]
results_MIDDLE=[1.550514, 1.50299, 2.310438, 0.426822, 5.741466, 0.4944, 0.584342, 0.414422, 0.355857, 0.68583, 0.374464, 0.61444, 0.834482, 1.164388, 1.253764, 1.434193, 1.072954, 2.554674]
results_LARGE=[7.60719, 3.90961, 2.902291, 3.099456, 2.367234, 2.512541, 4.159388, 2.589423, 2.417763, 1.783092, 0.931271, 1.496585, 1.817783, 2.44694, 4.496838, 2.363781, 4.266236, 4.760901]
results_EXTLARGE=[91.772635, 68.642228, 51.561868, 42.259916, 32.070829, 29.396897, 19.789382, 25.133067, 16.626773, 29.40929, 24.827812, 20.786458, 31.180097, 58.26346, 46.885864, 64.033495, 51.580627, 42.54869]
